2022/01/24-15:42:15.903953 7fcf67a82cc0 RocksDB version: 6.17.3
2022/01/24-15:42:16.028510 7fcf67a82cc0 Git sha rocksdb_build_git_sha:@09c7e96eac1ab983f97ce9e0406730b8014b3398@
2022/01/24-15:42:16.028514 7fcf67a82cc0 Compile date Sep 29 2021
2022/01/24-15:42:16.028588 7fcf67a82cc0 DB SUMMARY
2022/01/24-15:42:16.028592 7fcf67a82cc0 DB Session ID:  YUAWTI5GCMGU1OKXXUQF
2022/01/24-15:42:16.028733 7fcf67a82cc0 CURRENT file:  CURRENT
2022/01/24-15:42:16.028736 7fcf67a82cc0 IDENTITY file:  IDENTITY
2022/01/24-15:42:16.028741 7fcf67a82cc0 MANIFEST file:  MANIFEST-000354 size: 26007 Bytes
2022/01/24-15:42:16.028744 7fcf67a82cc0 SST files in test-ledger/rocksdb dir, Total Num: 13, files: 000604.sst 000607.sst 000610.sst 000613.sst 000622.sst 000631.sst 000635.sst 000639.sst 000642.sst 
2022/01/24-15:42:16.028750 7fcf67a82cc0 Write Ahead Log file in test-ledger/rocksdb: 000602.log size: 280279 ; 000605.log size: 195113 ; 000608.log size: 344337 ; 000611.log size: 463547 ; 000614.log size: 161470 ; 000617.log size: 277686 ; 000620.log size: 261597 ; 000623.log size: 213245 ; 000626.log size: 192875 ; 000629.log size: 271708 ; 000632.log size: 269375 ; 000636.log size: 414777 ; 000640.log size: 191716 ; 000643.log size: 209771 ; 000646.log size: 139965 ; 000649.log size: 222878 ; 000652.log size: 30565922 ; 
2022/01/24-15:42:16.028753 7fcf67a82cc0                         Options.error_if_exists: 0
2022/01/24-15:42:16.028754 7fcf67a82cc0                       Options.create_if_missing: 1
2022/01/24-15:42:16.028756 7fcf67a82cc0                         Options.paranoid_checks: 1
2022/01/24-15:42:16.028757 7fcf67a82cc0                               Options.track_and_verify_wals_in_manifest: 0
2022/01/24-15:42:16.028758 7fcf67a82cc0                                     Options.env: 0x56269de99660
2022/01/24-15:42:16.028760 7fcf67a82cc0                                      Options.fs: Posix File System
2022/01/24-15:42:16.028761 7fcf67a82cc0                                Options.info_log: 0x56269f5d0210
2022/01/24-15:42:16.028763 7fcf67a82cc0                Options.max_file_opening_threads: 16
2022/01/24-15:42:16.028764 7fcf67a82cc0                              Options.statistics: (nil)
2022/01/24-15:42:16.028765 7fcf67a82cc0                               Options.use_fsync: 0
2022/01/24-15:42:16.028767 7fcf67a82cc0                       Options.max_log_file_size: 0
2022/01/24-15:42:16.028768 7fcf67a82cc0                  Options.max_manifest_file_size: 1073741824
2022/01/24-15:42:16.028769 7fcf67a82cc0                   Options.log_file_time_to_roll: 0
2022/01/24-15:42:16.028770 7fcf67a82cc0                       Options.keep_log_file_num: 1000
2022/01/24-15:42:16.028772 7fcf67a82cc0                    Options.recycle_log_file_num: 0
2022/01/24-15:42:16.028773 7fcf67a82cc0                         Options.allow_fallocate: 1
2022/01/24-15:42:16.028774 7fcf67a82cc0                        Options.allow_mmap_reads: 0
2022/01/24-15:42:16.028775 7fcf67a82cc0                       Options.allow_mmap_writes: 0
2022/01/24-15:42:16.028777 7fcf67a82cc0                        Options.use_direct_reads: 0
2022/01/24-15:42:16.028778 7fcf67a82cc0                        Options.use_direct_io_for_flush_and_compaction: 0
2022/01/24-15:42:16.028779 7fcf67a82cc0          Options.create_missing_column_families: 1
2022/01/24-15:42:16.028780 7fcf67a82cc0                              Options.db_log_dir: 
2022/01/24-15:42:16.028782 7fcf67a82cc0                                 Options.wal_dir: test-ledger/rocksdb
2022/01/24-15:42:16.028783 7fcf67a82cc0                Options.table_cache_numshardbits: 6
2022/01/24-15:42:16.028784 7fcf67a82cc0                         Options.WAL_ttl_seconds: 0
2022/01/24-15:42:16.028785 7fcf67a82cc0                       Options.WAL_size_limit_MB: 0
2022/01/24-15:42:16.028787 7fcf67a82cc0                        Options.max_write_batch_group_size_bytes: 1048576
2022/01/24-15:42:16.028788 7fcf67a82cc0             Options.manifest_preallocation_size: 4194304
2022/01/24-15:42:16.028789 7fcf67a82cc0                     Options.is_fd_close_on_exec: 1
2022/01/24-15:42:16.028790 7fcf67a82cc0                   Options.advise_random_on_open: 1
2022/01/24-15:42:16.028804 7fcf67a82cc0                    Options.db_write_buffer_size: 0
2022/01/24-15:42:16.028806 7fcf67a82cc0                    Options.write_buffer_manager: 0x56269f5f4bd0
2022/01/24-15:42:16.028807 7fcf67a82cc0         Options.access_hint_on_compaction_start: 1
2022/01/24-15:42:16.028809 7fcf67a82cc0  Options.new_table_reader_for_compaction_inputs: 0
2022/01/24-15:42:16.028810 7fcf67a82cc0           Options.random_access_max_buffer_size: 1048576
2022/01/24-15:42:16.028811 7fcf67a82cc0                      Options.use_adaptive_mutex: 0
2022/01/24-15:42:16.028812 7fcf67a82cc0                            Options.rate_limiter: (nil)
2022/01/24-15:42:16.028814 7fcf67a82cc0     Options.sst_file_manager.rate_bytes_per_sec: 0
2022/01/24-15:42:16.028815 7fcf67a82cc0                       Options.wal_recovery_mode: 2
2022/01/24-15:42:16.028816 7fcf67a82cc0                  Options.enable_thread_tracking: 0
2022/01/24-15:42:16.028818 7fcf67a82cc0                  Options.enable_pipelined_write: 0
2022/01/24-15:42:16.028819 7fcf67a82cc0                  Options.unordered_write: 0
2022/01/24-15:42:16.028820 7fcf67a82cc0         Options.allow_concurrent_memtable_write: 1
2022/01/24-15:42:16.028821 7fcf67a82cc0      Options.enable_write_thread_adaptive_yield: 1
2022/01/24-15:42:16.028823 7fcf67a82cc0             Options.write_thread_max_yield_usec: 100
2022/01/24-15:42:16.028824 7fcf67a82cc0            Options.write_thread_slow_yield_usec: 3
2022/01/24-15:42:16.028825 7fcf67a82cc0                               Options.row_cache: None
2022/01/24-15:42:16.028826 7fcf67a82cc0                              Options.wal_filter: None
2022/01/24-15:42:16.028828 7fcf67a82cc0             Options.avoid_flush_during_recovery: 0
2022/01/24-15:42:16.028829 7fcf67a82cc0             Options.allow_ingest_behind: 0
2022/01/24-15:42:16.028830 7fcf67a82cc0             Options.preserve_deletes: 0
2022/01/24-15:42:16.028831 7fcf67a82cc0             Options.two_write_queues: 0
2022/01/24-15:42:16.028832 7fcf67a82cc0             Options.manual_wal_flush: 0
2022/01/24-15:42:16.028834 7fcf67a82cc0             Options.atomic_flush: 0
2022/01/24-15:42:16.028835 7fcf67a82cc0             Options.avoid_unnecessary_blocking_io: 0
2022/01/24-15:42:16.028837 7fcf67a82cc0                 Options.persist_stats_to_disk: 0
2022/01/24-15:42:16.028839 7fcf67a82cc0                 Options.write_dbid_to_manifest: 0
2022/01/24-15:42:16.028840 7fcf67a82cc0                 Options.log_readahead_size: 0
2022/01/24-15:42:16.028842 7fcf67a82cc0                 Options.file_checksum_gen_factory: Unknown
2022/01/24-15:42:16.028844 7fcf67a82cc0                 Options.best_efforts_recovery: 0
2022/01/24-15:42:16.028846 7fcf67a82cc0                Options.max_bgerror_resume_count: 2147483647
2022/01/24-15:42:16.028848 7fcf67a82cc0            Options.bgerror_resume_retry_interval: 1000000
2022/01/24-15:42:16.028850 7fcf67a82cc0             Options.allow_data_in_errors: 0
2022/01/24-15:42:16.028852 7fcf67a82cc0             Options.db_host_id: __hostname__
2022/01/24-15:42:16.028854 7fcf67a82cc0             Options.max_background_jobs: 8
2022/01/24-15:42:16.028856 7fcf67a82cc0             Options.max_background_compactions: -1
2022/01/24-15:42:16.028858 7fcf67a82cc0             Options.max_subcompactions: 1
2022/01/24-15:42:16.028860 7fcf67a82cc0             Options.avoid_flush_during_shutdown: 0
2022/01/24-15:42:16.028862 7fcf67a82cc0           Options.writable_file_max_buffer_size: 1048576
2022/01/24-15:42:16.028864 7fcf67a82cc0             Options.delayed_write_rate : 16777216
2022/01/24-15:42:16.028866 7fcf67a82cc0             Options.max_total_wal_size: 4294967296
2022/01/24-15:42:16.028868 7fcf67a82cc0             Options.delete_obsolete_files_period_micros: 21600000000
2022/01/24-15:42:16.028870 7fcf67a82cc0                   Options.stats_dump_period_sec: 600
2022/01/24-15:42:16.028872 7fcf67a82cc0                 Options.stats_persist_period_sec: 600
2022/01/24-15:42:16.028874 7fcf67a82cc0                 Options.stats_history_buffer_size: 1048576
2022/01/24-15:42:16.028890 7fcf67a82cc0                          Options.max_open_files: -1
2022/01/24-15:42:16.028892 7fcf67a82cc0                          Options.bytes_per_sync: 0
2022/01/24-15:42:16.028894 7fcf67a82cc0                      Options.wal_bytes_per_sync: 0
2022/01/24-15:42:16.028896 7fcf67a82cc0                   Options.strict_bytes_per_sync: 0
2022/01/24-15:42:16.028898 7fcf67a82cc0       Options.compaction_readahead_size: 0
2022/01/24-15:42:16.028900 7fcf67a82cc0                  Options.max_background_flushes: -1
2022/01/24-15:42:16.028901 7fcf67a82cc0 Compression algorithms supported:
2022/01/24-15:42:16.028902 7fcf67a82cc0 	kZSTDNotFinalCompression supported: 0
2022/01/24-15:42:16.028904 7fcf67a82cc0 	kZSTD supported: 0
2022/01/24-15:42:16.028905 7fcf67a82cc0 	kXpressCompression supported: 0
2022/01/24-15:42:16.028907 7fcf67a82cc0 	kLZ4HCCompression supported: 1
2022/01/24-15:42:16.028908 7fcf67a82cc0 	kLZ4Compression supported: 1
2022/01/24-15:42:16.028909 7fcf67a82cc0 	kBZip2Compression supported: 0
2022/01/24-15:42:16.028911 7fcf67a82cc0 	kZlibCompression supported: 0
2022/01/24-15:42:16.028912 7fcf67a82cc0 	kSnappyCompression supported: 0
2022/01/24-15:42:16.028915 7fcf67a82cc0 Fast CRC32 supported: Supported on x86
2022/01/24-15:42:16.173148 7fcf67a82cc0 [db/version_set.cc:4757] Recovering from manifest file: test-ledger/rocksdb/MANIFEST-000354
2022/01/24-15:42:16.173356 7fcf67a82cc0 [db/column_family.cc:597] --------------- Options for column family [default]:
2022/01/24-15:42:16.173360 7fcf67a82cc0               Options.comparator: leveldb.BytewiseComparator
2022/01/24-15:42:16.173362 7fcf67a82cc0           Options.merge_operator: None
2022/01/24-15:42:16.173363 7fcf67a82cc0        Options.compaction_filter: None
2022/01/24-15:42:16.173364 7fcf67a82cc0        Options.compaction_filter_factory: None
2022/01/24-15:42:16.173365 7fcf67a82cc0  Options.sst_partitioner_factory: None
2022/01/24-15:42:16.173366 7fcf67a82cc0         Options.memtable_factory: SkipListFactory
2022/01/24-15:42:16.173367 7fcf67a82cc0            Options.table_factory: BlockBasedTable
2022/01/24-15:42:16.173390 7fcf67a82cc0            table_factory options:   flush_block_policy_factory: FlushBlockBySizePolicyFactory (0x56269f5efdd0)
  cache_index_and_filter_blocks: 0
  cache_index_and_filter_blocks_with_high_priority: 1
  pin_l0_filter_and_index_blocks_in_cache: 0
  pin_top_level_index_and_filter: 1
  index_type: 0
  data_block_index_type: 0
  index_shortening: 1
  data_block_hash_table_util_ratio: 0.750000
  hash_index_allow_collision: 1
  checksum: 1
  no_block_cache: 0
  block_cache: 0x56269f5efe20
  block_cache_name: LRUCache
  block_cache_options:
    capacity : 8388608
    num_shard_bits : 4
    strict_capacity_limit : 0
    memory_allocator : None
    high_pri_pool_ratio: 0.000
  block_cache_compressed: (nil)
  persistent_cache: (nil)
  block_size: 4096
  block_size_deviation: 10
  block_restart_interval: 16
  index_block_restart_interval: 1
  metadata_block_size: 4096
  partition_filters: 0
  use_delta_encoding: 1
  filter_policy: nullptr
  whole_key_filtering: 1
  verify_compression: 0
  read_amp_bytes_per_bit: 0
  format_version: 4
  enable_index_compression: 1
  block_align: 0
2022/01/24-15:42:16.173392 7fcf67a82cc0        Options.write_buffer_size: 67108864
2022/01/24-15:42:16.173393 7fcf67a82cc0  Options.max_write_buffer_number: 2
2022/01/24-15:42:16.173394 7fcf67a82cc0          Options.compression: NoCompression
2022/01/24-15:42:16.173395 7fcf67a82cc0                  Options.bottommost_compression: Disabled
2022/01/24-15:42:16.173396 7fcf67a82cc0       Options.prefix_extractor: nullptr
2022/01/24-15:42:16.173397 7fcf67a82cc0   Options.memtable_insert_with_hint_prefix_extractor: nullptr
2022/01/24-15:42:16.173398 7fcf67a82cc0             Options.num_levels: 7
2022/01/24-15:42:16.173399 7fcf67a82cc0        Options.min_write_buffer_number_to_merge: 1
2022/01/24-15:42:16.173400 7fcf67a82cc0     Options.max_write_buffer_number_to_maintain: 0
2022/01/24-15:42:16.173401 7fcf67a82cc0     Options.max_write_buffer_size_to_maintain: 0
2022/01/24-15:42:16.173417 7fcf67a82cc0            Options.bottommost_compression_opts.window_bits: -14
2022/01/24-15:42:16.173418 7fcf67a82cc0                  Options.bottommost_compression_opts.level: 32767
2022/01/24-15:42:16.173419 7fcf67a82cc0               Options.bottommost_compression_opts.strategy: 0
2022/01/24-15:42:16.173420 7fcf67a82cc0         Options.bottommost_compression_opts.max_dict_bytes: 0
2022/01/24-15:42:16.173421 7fcf67a82cc0         Options.bottommost_compression_opts.zstd_max_train_bytes: 0
2022/01/24-15:42:16.173422 7fcf67a82cc0         Options.bottommost_compression_opts.parallel_threads: 1
2022/01/24-15:42:16.173423 7fcf67a82cc0                  Options.bottommost_compression_opts.enabled: false
2022/01/24-15:42:16.173424 7fcf67a82cc0            Options.compression_opts.window_bits: -14
2022/01/24-15:42:16.173425 7fcf67a82cc0                  Options.compression_opts.level: 32767
2022/01/24-15:42:16.173426 7fcf67a82cc0               Options.compression_opts.strategy: 0
2022/01/24-15:42:16.173427 7fcf67a82cc0         Options.compression_opts.max_dict_bytes: 0
2022/01/24-15:42:16.173428 7fcf67a82cc0         Options.compression_opts.zstd_max_train_bytes: 0
2022/01/24-15:42:16.173429 7fcf67a82cc0         Options.compression_opts.parallel_threads: 1
2022/01/24-15:42:16.173430 7fcf67a82cc0                  Options.compression_opts.enabled: false
2022/01/24-15:42:16.173431 7fcf67a82cc0      Options.level0_file_num_compaction_trigger: 4
2022/01/24-15:42:16.173432 7fcf67a82cc0          Options.level0_slowdown_writes_trigger: 20
2022/01/24-15:42:16.173433 7fcf67a82cc0              Options.level0_stop_writes_trigger: 36
2022/01/24-15:42:16.173434 7fcf67a82cc0                   Options.target_file_size_base: 67108864
2022/01/24-15:42:16.173435 7fcf67a82cc0             Options.target_file_size_multiplier: 1
2022/01/24-15:42:16.173436 7fcf67a82cc0                Options.max_bytes_for_level_base: 268435456
2022/01/24-15:42:16.173437 7fcf67a82cc0 Options.level_compaction_dynamic_level_bytes: 0
2022/01/24-15:42:16.173438 7fcf67a82cc0          Options.max_bytes_for_level_multiplier: 10.000000
2022/01/24-15:42:16.173440 7fcf67a82cc0 Options.max_bytes_for_level_multiplier_addtl[0]: 1
2022/01/24-15:42:16.173441 7fcf67a82cc0 Options.max_bytes_for_level_multiplier_addtl[1]: 1
2022/01/24-15:42:16.173442 7fcf67a82cc0 Options.max_bytes_for_level_multiplier_addtl[2]: 1
2022/01/24-15:42:16.173443 7fcf67a82cc0 Options.max_bytes_for_level_multiplier_addtl[3]: 1
2022/01/24-15:42:16.173444 7fcf67a82cc0 Options.max_bytes_for_level_multiplier_addtl[4]: 1
2022/01/24-15:42:16.173445 7fcf67a82cc0 Options.max_bytes_for_level_multiplier_addtl[5]: 1
2022/01/24-15:42:16.173446 7fcf67a82cc0 Options.max_bytes_for_level_multiplier_addtl[6]: 1
2022/01/24-15:42:16.173447 7fcf67a82cc0       Options.max_sequential_skip_in_iterations: 8
2022/01/24-15:42:16.173448 7fcf67a82cc0                    Options.max_compaction_bytes: 1677721600
2022/01/24-15:42:16.173449 7fcf67a82cc0                        Options.arena_block_size: 8388608
2022/01/24-15:42:16.173450 7fcf67a82cc0   Options.soft_pending_compaction_bytes_limit: 68719476736
2022/01/24-15:42:16.173451 7fcf67a82cc0   Options.hard_pending_compaction_bytes_limit: 274877906944
2022/01/24-15:42:16.173452 7fcf67a82cc0       Options.rate_limit_delay_max_milliseconds: 100
2022/01/24-15:42:16.173453 7fcf67a82cc0                Options.disable_auto_compactions: 0
2022/01/24-15:42:16.173455 7fcf67a82cc0                        Options.compaction_style: kCompactionStyleLevel
2022/01/24-15:42:16.173456 7fcf67a82cc0                          Options.compaction_pri: kMinOverlappingRatio
2022/01/24-15:42:16.173457 7fcf67a82cc0 Options.compaction_options_universal.size_ratio: 1
2022/01/24-15:42:16.173458 7fcf67a82cc0 Options.compaction_options_universal.min_merge_width: 2
2022/01/24-15:42:16.173459 7fcf67a82cc0 Options.compaction_options_universal.max_merge_width: 4294967295
2022/01/24-15:42:16.173460 7fcf67a82cc0 Options.compaction_options_universal.max_size_amplification_percent: 200
2022/01/24-15:42:16.173467 7fcf67a82cc0 Options.compaction_options_universal.compression_size_percent: -1
2022/01/24-15:42:16.173469 7fcf67a82cc0 Options.compaction_options_universal.stop_style: kCompactionStopStyleTotalSize
2022/01/24-15:42:16.173470 7fcf67a82cc0 Options.compaction_options_fifo.max_table_files_size: 1073741824
2022/01/24-15:42:16.173471 7fcf67a82cc0 Options.compaction_options_fifo.allow_compaction: 0
2022/01/24-15:42:16.173479 7fcf67a82cc0                   Options.table_properties_collectors: 
2022/01/24-15:42:16.173480 7fcf67a82cc0                   Options.inplace_update_support: 0
2022/01/24-15:42:16.173481 7fcf67a82cc0                 Options.inplace_update_num_locks: 10000
2022/01/24-15:42:16.173482 7fcf67a82cc0               Options.memtable_prefix_bloom_size_ratio: 0.000000
2022/01/24-15:42:16.173483 7fcf67a82cc0               Options.memtable_whole_key_filtering: 0
2022/01/24-15:42:16.173484 7fcf67a82cc0   Options.memtable_huge_page_size: 0
2022/01/24-15:42:16.173485 7fcf67a82cc0                           Options.bloom_locality: 0
2022/01/24-15:42:16.173486 7fcf67a82cc0                    Options.max_successive_merges: 0
2022/01/24-15:42:16.173487 7fcf67a82cc0                Options.optimize_filters_for_hits: 0
2022/01/24-15:42:16.173488 7fcf67a82cc0                Options.paranoid_file_checks: 0
2022/01/24-15:42:16.173489 7fcf67a82cc0                Options.force_consistency_checks: 1
2022/01/24-15:42:16.173490 7fcf67a82cc0                Options.report_bg_io_stats: 0
2022/01/24-15:42:16.173491 7fcf67a82cc0                               Options.ttl: 2592000
2022/01/24-15:42:16.173492 7fcf67a82cc0          Options.periodic_compaction_seconds: 0
2022/01/24-15:42:16.173493 7fcf67a82cc0                    Options.enable_blob_files: false
2022/01/24-15:42:16.173494 7fcf67a82cc0                        Options.min_blob_size: 0
2022/01/24-15:42:16.173495 7fcf67a82cc0                       Options.blob_file_size: 268435456
2022/01/24-15:42:16.173496 7fcf67a82cc0                Options.blob_compression_type: NoCompression
2022/01/24-15:42:16.173497 7fcf67a82cc0       Options.enable_blob_garbage_collection: false
2022/01/24-15:42:16.173498 7fcf67a82cc0   Options.blob_garbage_collection_age_cutoff: 0.250000
2022/01/24-15:42:16.365927 7fcf67a82cc0 [db/column_family.cc:597] --------------- Options for column family [meta]:
2022/01/24-15:42:16.365937 7fcf67a82cc0               Options.comparator: leveldb.BytewiseComparator
2022/01/24-15:42:16.365938 7fcf67a82cc0           Options.merge_operator: None
2022/01/24-15:42:16.365939 7fcf67a82cc0        Options.compaction_filter: None
2022/01/24-15:42:16.365940 7fcf67a82cc0        Options.compaction_filter_factory: purged_slot_filter_factory(meta)
2022/01/24-15:42:16.365941 7fcf67a82cc0  Options.sst_partitioner_factory: None
2022/01/24-15:42:16.365942 7fcf67a82cc0         Options.memtable_factory: SkipListFactory
2022/01/24-15:42:16.365943 7fcf67a82cc0            Options.table_factory: BlockBasedTable
2022/01/24-15:42:16.365968 7fcf67a82cc0            table_factory options:   flush_block_policy_factory: FlushBlockBySizePolicyFactory (0x56269f5ced20)
  cache_index_and_filter_blocks: 0
  cache_index_and_filter_blocks_with_high_priority: 1
  pin_l0_filter_and_index_blocks_in_cache: 0
  pin_top_level_index_and_filter: 1
  index_type: 0
  data_block_index_type: 0
  index_shortening: 1
  data_block_hash_table_util_ratio: 0.750000
  hash_index_allow_collision: 1
  checksum: 1
  no_block_cache: 0
  block_cache: 0x56269f5c37c0
  block_cache_name: LRUCache
  block_cache_options:
    capacity : 8388608
    num_shard_bits : 4
    strict_capacity_limit : 0
    memory_allocator : None
    high_pri_pool_ratio: 0.000
  block_cache_compressed: (nil)
  persistent_cache: (nil)
  block_size: 4096
  block_size_deviation: 10
  block_restart_interval: 16
  index_block_restart_interval: 1
  metadata_block_size: 4096
  partition_filters: 0
  use_delta_encoding: 1
  filter_policy: nullptr
  whole_key_filtering: 1
  verify_compression: 0
  read_amp_bytes_per_bit: 0
  format_version: 4
  enable_index_compression: 1
  block_align: 0
2022/01/24-15:42:16.365982 7fcf67a82cc0        Options.write_buffer_size: 268435456
2022/01/24-15:42:16.365983 7fcf67a82cc0  Options.max_write_buffer_number: 8
2022/01/24-15:42:16.365984 7fcf67a82cc0          Options.compression: NoCompression
2022/01/24-15:42:16.365985 7fcf67a82cc0                  Options.bottommost_compression: Disabled
2022/01/24-15:42:16.365986 7fcf67a82cc0       Options.prefix_extractor: nullptr
2022/01/24-15:42:16.365987 7fcf67a82cc0   Options.memtable_insert_with_hint_prefix_extractor: nullptr
2022/01/24-15:42:16.365988 7fcf67a82cc0             Options.num_levels: 7
2022/01/24-15:42:16.365989 7fcf67a82cc0        Options.min_write_buffer_number_to_merge: 1
2022/01/24-15:42:16.365990 7fcf67a82cc0     Options.max_write_buffer_number_to_maintain: 0
2022/01/24-15:42:16.365990 7fcf67a82cc0     Options.max_write_buffer_size_to_maintain: 0
2022/01/24-15:42:16.365991 7fcf67a82cc0            Options.bottommost_compression_opts.window_bits: -14
2022/01/24-15:42:16.365992 7fcf67a82cc0                  Options.bottommost_compression_opts.level: 32767
2022/01/24-15:42:16.365993 7fcf67a82cc0               Options.bottommost_compression_opts.strategy: 0
2022/01/24-15:42:16.365994 7fcf67a82cc0         Options.bottommost_compression_opts.max_dict_bytes: 0
2022/01/24-15:42:16.365995 7fcf67a82cc0         Options.bottommost_compression_opts.zstd_max_train_bytes: 0
2022/01/24-15:42:16.365996 7fcf67a82cc0         Options.bottommost_compression_opts.parallel_threads: 1
2022/01/24-15:42:16.365997 7fcf67a82cc0                  Options.bottommost_compression_opts.enabled: false
2022/01/24-15:42:16.365998 7fcf67a82cc0            Options.compression_opts.window_bits: -14
2022/01/24-15:42:16.365999 7fcf67a82cc0                  Options.compression_opts.level: 32767
2022/01/24-15:42:16.365999 7fcf67a82cc0               Options.compression_opts.strategy: 0
2022/01/24-15:42:16.366000 7fcf67a82cc0         Options.compression_opts.max_dict_bytes: 0
2022/01/24-15:42:16.366001 7fcf67a82cc0         Options.compression_opts.zstd_max_train_bytes: 0
2022/01/24-15:42:16.366002 7fcf67a82cc0         Options.compression_opts.parallel_threads: 1
2022/01/24-15:42:16.366003 7fcf67a82cc0                  Options.compression_opts.enabled: false
2022/01/24-15:42:16.366004 7fcf67a82cc0      Options.level0_file_num_compaction_trigger: 4
2022/01/24-15:42:16.366005 7fcf67a82cc0          Options.level0_slowdown_writes_trigger: 20
2022/01/24-15:42:16.366005 7fcf67a82cc0              Options.level0_stop_writes_trigger: 36
2022/01/24-15:42:16.366006 7fcf67a82cc0                   Options.target_file_size_base: 107374182
2022/01/24-15:42:16.366007 7fcf67a82cc0             Options.target_file_size_multiplier: 1
2022/01/24-15:42:16.366008 7fcf67a82cc0                Options.max_bytes_for_level_base: 1073741824
2022/01/24-15:42:16.366009 7fcf67a82cc0 Options.level_compaction_dynamic_level_bytes: 0
2022/01/24-15:42:16.366010 7fcf67a82cc0          Options.max_bytes_for_level_multiplier: 10.000000
2022/01/24-15:42:16.366012 7fcf67a82cc0 Options.max_bytes_for_level_multiplier_addtl[0]: 1
2022/01/24-15:42:16.366013 7fcf67a82cc0 Options.max_bytes_for_level_multiplier_addtl[1]: 1
2022/01/24-15:42:16.366014 7fcf67a82cc0 Options.max_bytes_for_level_multiplier_addtl[2]: 1
2022/01/24-15:42:16.366015 7fcf67a82cc0 Options.max_bytes_for_level_multiplier_addtl[3]: 1
2022/01/24-15:42:16.366015 7fcf67a82cc0 Options.max_bytes_for_level_multiplier_addtl[4]: 1
2022/01/24-15:42:16.366016 7fcf67a82cc0 Options.max_bytes_for_level_multiplier_addtl[5]: 1
2022/01/24-15:42:16.366017 7fcf67a82cc0 Options.max_bytes_for_level_multiplier_addtl[6]: 1
2022/01/24-15:42:16.366018 7fcf67a82cc0       Options.max_sequential_skip_in_iterations: 8
2022/01/24-15:42:16.366019 7fcf67a82cc0                    Options.max_compaction_bytes: 2684354550
2022/01/24-15:42:16.366020 7fcf67a82cc0                        Options.arena_block_size: 33554432
2022/01/24-15:42:16.366021 7fcf67a82cc0   Options.soft_pending_compaction_bytes_limit: 68719476736
2022/01/24-15:42:16.366027 7fcf67a82cc0   Options.hard_pending_compaction_bytes_limit: 274877906944
2022/01/24-15:42:16.366029 7fcf67a82cc0       Options.rate_limit_delay_max_milliseconds: 100
2022/01/24-15:42:16.366030 7fcf67a82cc0                Options.disable_auto_compactions: 0
2022/01/24-15:42:16.366031 7fcf67a82cc0                        Options.compaction_style: kCompactionStyleLevel
2022/01/24-15:42:16.366033 7fcf67a82cc0                          Options.compaction_pri: kMinOverlappingRatio
2022/01/24-15:42:16.366034 7fcf67a82cc0 Options.compaction_options_universal.size_ratio: 1
2022/01/24-15:42:16.366034 7fcf67a82cc0 Options.compaction_options_universal.min_merge_width: 2
2022/01/24-15:42:16.366035 7fcf67a82cc0 Options.compaction_options_universal.max_merge_width: 4294967295
2022/01/24-15:42:16.366036 7fcf67a82cc0 Options.compaction_options_universal.max_size_amplification_percent: 200
2022/01/24-15:42:16.366037 7fcf67a82cc0 Options.compaction_options_universal.compression_size_percent: -1
2022/01/24-15:42:16.366038 7fcf67a82cc0 Options.compaction_options_universal.stop_style: kCompactionStopStyleTotalSize
2022/01/24-15:42:16.366039 7fcf67a82cc0 Options.compaction_options_fifo.max_table_files_size: 1073741824
2022/01/24-15:42:16.366040 7fcf67a82cc0 Options.compaction_options_fifo.allow_compaction: 0
2022/01/24-15:42:16.366045 7fcf67a82cc0                   Options.table_properties_collectors: 
2022/01/24-15:42:16.366046 7fcf67a82cc0                   Options.inplace_update_support: 0
2022/01/24-15:42:16.366047 7fcf67a82cc0                 Options.inplace_update_num_locks: 10000
2022/01/24-15:42:16.366048 7fcf67a82cc0               Options.memtable_prefix_bloom_size_ratio: 0.000000
2022/01/24-15:42:16.366049 7fcf67a82cc0               Options.memtable_whole_key_filtering: 0
2022/01/24-15:42:16.366050 7fcf67a82cc0   Options.memtable_huge_page_size: 0
2022/01/24-15:42:16.366051 7fcf67a82cc0                           Options.bloom_locality: 0
2022/01/24-15:42:16.366052 7fcf67a82cc0                    Options.max_successive_merges: 0
2022/01/24-15:42:16.366053 7fcf67a82cc0                Options.optimize_filters_for_hits: 0
2022/01/24-15:42:16.366053 7fcf67a82cc0                Options.paranoid_file_checks: 0
2022/01/24-15:42:16.366054 7fcf67a82cc0                Options.force_consistency_checks: 1
2022/01/24-15:42:16.366055 7fcf67a82cc0                Options.report_bg_io_stats: 0
2022/01/24-15:42:16.366056 7fcf67a82cc0                               Options.ttl: 2592000
2022/01/24-15:42:16.366057 7fcf67a82cc0          Options.periodic_compaction_seconds: 2592000
2022/01/24-15:42:16.366058 7fcf67a82cc0                    Options.enable_blob_files: false
2022/01/24-15:42:16.366059 7fcf67a82cc0                        Options.min_blob_size: 0
2022/01/24-15:42:16.366060 7fcf67a82cc0                       Options.blob_file_size: 268435456
2022/01/24-15:42:16.366061 7fcf67a82cc0                Options.blob_compression_type: NoCompression
2022/01/24-15:42:16.366061 7fcf67a82cc0       Options.enable_blob_garbage_collection: false
2022/01/24-15:42:16.366062 7fcf67a82cc0   Options.blob_garbage_collection_age_cutoff: 0.250000
2022/01/24-15:42:16.366098 7fcf67a82cc0 [db/column_family.cc:597] --------------- Options for column family [dead_slots]:
2022/01/24-15:42:16.366100 7fcf67a82cc0               Options.comparator: leveldb.BytewiseComparator
2022/01/24-15:42:16.366101 7fcf67a82cc0           Options.merge_operator: None
2022/01/24-15:42:16.366102 7fcf67a82cc0        Options.compaction_filter: None
2022/01/24-15:42:16.366103 7fcf67a82cc0        Options.compaction_filter_factory: purged_slot_filter_factory(dead_slots)
2022/01/24-15:42:16.366104 7fcf67a82cc0  Options.sst_partitioner_factory: None
2022/01/24-15:42:16.366105 7fcf67a82cc0         Options.memtable_factory: SkipListFactory
2022/01/24-15:42:16.366106 7fcf67a82cc0            Options.table_factory: BlockBasedTable
2022/01/24-15:42:16.366119 7fcf67a82cc0            table_factory options:   flush_block_policy_factory: FlushBlockBySizePolicyFactory (0x56269f5c59d0)
  cache_index_and_filter_blocks: 0
  cache_index_and_filter_blocks_with_high_priority: 1
  pin_l0_filter_and_index_blocks_in_cache: 0
  pin_top_level_index_and_filter: 1
  index_type: 0
  data_block_index_type: 0
  index_shortening: 1
  data_block_hash_table_util_ratio: 0.750000
  hash_index_allow_collision: 1
  checksum: 1
  no_block_cache: 0
  block_cache: 0x56269f5c5a20
  block_cache_name: LRUCache
  block_cache_options:
    capacity : 8388608
    num_shard_bits : 4
    strict_capacity_limit : 0
    memory_allocator : None
    high_pri_pool_ratio: 0.000
  block_cache_compressed: (nil)
  persistent_cache: (nil)
  block_size: 4096
  block_size_deviation: 10
  block_restart_interval: 16
  index_block_restart_interval: 1
  metadata_block_size: 4096
  partition_filters: 0
  use_delta_encoding: 1
  filter_policy: nullptr
  whole_key_filtering: 1
  verify_compression: 0
  read_amp_bytes_per_bit: 0
  format_version: 4
  enable_index_compression: 1
  block_align: 0
2022/01/24-15:42:16.366128 7fcf67a82cc0        Options.write_buffer_size: 268435456
2022/01/24-15:42:16.366129 7fcf67a82cc0  Options.max_write_buffer_number: 8
2022/01/24-15:42:16.366130 7fcf67a82cc0          Options.compression: NoCompression
2022/01/24-15:42:16.366131 7fcf67a82cc0                  Options.bottommost_compression: Disabled
2022/01/24-15:42:16.366132 7fcf67a82cc0       Options.prefix_extractor: nullptr
2022/01/24-15:42:16.366133 7fcf67a82cc0   Options.memtable_insert_with_hint_prefix_extractor: nullptr
2022/01/24-15:42:16.366134 7fcf67a82cc0             Options.num_levels: 7
2022/01/24-15:42:16.366134 7fcf67a82cc0        Options.min_write_buffer_number_to_merge: 1
2022/01/24-15:42:16.366135 7fcf67a82cc0     Options.max_write_buffer_number_to_maintain: 0
2022/01/24-15:42:16.366136 7fcf67a82cc0     Options.max_write_buffer_size_to_maintain: 0
2022/01/24-15:42:16.366137 7fcf67a82cc0            Options.bottommost_compression_opts.window_bits: -14
2022/01/24-15:42:16.366138 7fcf67a82cc0                  Options.bottommost_compression_opts.level: 32767
2022/01/24-15:42:16.366139 7fcf67a82cc0               Options.bottommost_compression_opts.strategy: 0
2022/01/24-15:42:16.366140 7fcf67a82cc0         Options.bottommost_compression_opts.max_dict_bytes: 0
2022/01/24-15:42:16.366140 7fcf67a82cc0         Options.bottommost_compression_opts.zstd_max_train_bytes: 0
2022/01/24-15:42:16.366141 7fcf67a82cc0         Options.bottommost_compression_opts.parallel_threads: 1
2022/01/24-15:42:16.366142 7fcf67a82cc0                  Options.bottommost_compression_opts.enabled: false
2022/01/24-15:42:16.366143 7fcf67a82cc0            Options.compression_opts.window_bits: -14
2022/01/24-15:42:16.366144 7fcf67a82cc0                  Options.compression_opts.level: 32767
2022/01/24-15:42:16.366145 7fcf67a82cc0               Options.compression_opts.strategy: 0
2022/01/24-15:42:16.366146 7fcf67a82cc0         Options.compression_opts.max_dict_bytes: 0
2022/01/24-15:42:16.366147 7fcf67a82cc0         Options.compression_opts.zstd_max_train_bytes: 0
2022/01/24-15:42:16.366147 7fcf67a82cc0         Options.compression_opts.parallel_threads: 1
2022/01/24-15:42:16.366148 7fcf67a82cc0                  Options.compression_opts.enabled: false
2022/01/24-15:42:16.366149 7fcf67a82cc0      Options.level0_file_num_compaction_trigger: 4
2022/01/24-15:42:16.366150 7fcf67a82cc0          Options.level0_slowdown_writes_trigger: 20
2022/01/24-15:42:16.366151 7fcf67a82cc0              Options.level0_stop_writes_trigger: 36
2022/01/24-15:42:16.366152 7fcf67a82cc0                   Options.target_file_size_base: 107374182
2022/01/24-15:42:16.366153 7fcf67a82cc0             Options.target_file_size_multiplier: 1
2022/01/24-15:42:16.366153 7fcf67a82cc0                Options.max_bytes_for_level_base: 1073741824
2022/01/24-15:42:16.366154 7fcf67a82cc0 Options.level_compaction_dynamic_level_bytes: 0
2022/01/24-15:42:16.366155 7fcf67a82cc0          Options.max_bytes_for_level_multiplier: 10.000000
2022/01/24-15:42:16.366157 7fcf67a82cc0 Options.max_bytes_for_level_multiplier_addtl[0]: 1
2022/01/24-15:42:16.366158 7fcf67a82cc0 Options.max_bytes_for_level_multiplier_addtl[1]: 1
2022/01/24-15:42:16.366164 7fcf67a82cc0 Options.max_bytes_for_level_multiplier_addtl[2]: 1
2022/01/24-15:42:16.366165 7fcf67a82cc0 Options.max_bytes_for_level_multiplier_addtl[3]: 1
2022/01/24-15:42:16.366166 7fcf67a82cc0 Options.max_bytes_for_level_multiplier_addtl[4]: 1
2022/01/24-15:42:16.366167 7fcf67a82cc0 Options.max_bytes_for_level_multiplier_addtl[5]: 1
2022/01/24-15:42:16.366168 7fcf67a82cc0 Options.max_bytes_for_level_multiplier_addtl[6]: 1
2022/01/24-15:42:16.366168 7fcf67a82cc0       Options.max_sequential_skip_in_iterations: 8
2022/01/24-15:42:16.366169 7fcf67a82cc0                    Options.max_compaction_bytes: 2684354550
2022/01/24-15:42:16.366170 7fcf67a82cc0                        Options.arena_block_size: 33554432
2022/01/24-15:42:16.366171 7fcf67a82cc0   Options.soft_pending_compaction_bytes_limit: 68719476736
2022/01/24-15:42:16.366172 7fcf67a82cc0   Options.hard_pending_compaction_bytes_limit: 274877906944
2022/01/24-15:42:16.366173 7fcf67a82cc0       Options.rate_limit_delay_max_milliseconds: 100
2022/01/24-15:42:16.366174 7fcf67a82cc0                Options.disable_auto_compactions: 0
2022/01/24-15:42:16.366175 7fcf67a82cc0                        Options.compaction_style: kCompactionStyleLevel
2022/01/24-15:42:16.366176 7fcf67a82cc0                          Options.compaction_pri: kMinOverlappingRatio
2022/01/24-15:42:16.366177 7fcf67a82cc0 Options.compaction_options_universal.size_ratio: 1
2022/01/24-15:42:16.366177 7fcf67a82cc0 Options.compaction_options_universal.min_merge_width: 2
2022/01/24-15:42:16.366178 7fcf67a82cc0 Options.compaction_options_universal.max_merge_width: 4294967295
2022/01/24-15:42:16.366179 7fcf67a82cc0 Options.compaction_options_universal.max_size_amplification_percent: 200
2022/01/24-15:42:16.366180 7fcf67a82cc0 Options.compaction_options_universal.compression_size_percent: -1
2022/01/24-15:42:16.366181 7fcf67a82cc0 Options.compaction_options_universal.stop_style: kCompactionStopStyleTotalSize
2022/01/24-15:42:16.366182 7fcf67a82cc0 Options.compaction_options_fifo.max_table_files_size: 1073741824
2022/01/24-15:42:16.366183 7fcf67a82cc0 Options.compaction_options_fifo.allow_compaction: 0
2022/01/24-15:42:16.366184 7fcf67a82cc0                   Options.table_properties_collectors: 
2022/01/24-15:42:16.366185 7fcf67a82cc0                   Options.inplace_update_support: 0
2022/01/24-15:42:16.366186 7fcf67a82cc0                 Options.inplace_update_num_locks: 10000
2022/01/24-15:42:16.366187 7fcf67a82cc0               Options.memtable_prefix_bloom_size_ratio: 0.000000
2022/01/24-15:42:16.366188 7fcf67a82cc0               Options.memtable_whole_key_filtering: 0
2022/01/24-15:42:16.366189 7fcf67a82cc0   Options.memtable_huge_page_size: 0
2022/01/24-15:42:16.366190 7fcf67a82cc0                           Options.bloom_locality: 0
2022/01/24-15:42:16.366191 7fcf67a82cc0                    Options.max_successive_merges: 0
2022/01/24-15:42:16.366192 7fcf67a82cc0                Options.optimize_filters_for_hits: 0
2022/01/24-15:42:16.366193 7fcf67a82cc0                Options.paranoid_file_checks: 0
2022/01/24-15:42:16.366193 7fcf67a82cc0                Options.force_consistency_checks: 1
2022/01/24-15:42:16.366194 7fcf67a82cc0                Options.report_bg_io_stats: 0
2022/01/24-15:42:16.366195 7fcf67a82cc0                               Options.ttl: 2592000
2022/01/24-15:42:16.366196 7fcf67a82cc0          Options.periodic_compaction_seconds: 2592000
2022/01/24-15:42:16.366197 7fcf67a82cc0                    Options.enable_blob_files: false
2022/01/24-15:42:16.366198 7fcf67a82cc0                        Options.min_blob_size: 0
2022/01/24-15:42:16.366199 7fcf67a82cc0                       Options.blob_file_size: 268435456
2022/01/24-15:42:16.366200 7fcf67a82cc0                Options.blob_compression_type: NoCompression
2022/01/24-15:42:16.366200 7fcf67a82cc0       Options.enable_blob_garbage_collection: false
2022/01/24-15:42:16.366201 7fcf67a82cc0   Options.blob_garbage_collection_age_cutoff: 0.250000
2022/01/24-15:42:16.366231 7fcf67a82cc0 [db/column_family.cc:597] --------------- Options for column family [duplicate_slots]:
2022/01/24-15:42:16.366240 7fcf67a82cc0               Options.comparator: leveldb.BytewiseComparator
2022/01/24-15:42:16.366241 7fcf67a82cc0           Options.merge_operator: None
2022/01/24-15:42:16.366242 7fcf67a82cc0        Options.compaction_filter: None
2022/01/24-15:42:16.366243 7fcf67a82cc0        Options.compaction_filter_factory: purged_slot_filter_factory(duplicate_slots)
2022/01/24-15:42:16.366244 7fcf67a82cc0  Options.sst_partitioner_factory: None
2022/01/24-15:42:16.366245 7fcf67a82cc0         Options.memtable_factory: SkipListFactory
2022/01/24-15:42:16.366246 7fcf67a82cc0            Options.table_factory: BlockBasedTable
2022/01/24-15:42:16.366260 7fcf67a82cc0            table_factory options:   flush_block_policy_factory: FlushBlockBySizePolicyFactory (0x56269f5c7c10)
  cache_index_and_filter_blocks: 0
  cache_index_and_filter_blocks_with_high_priority: 1
  pin_l0_filter_and_index_blocks_in_cache: 0
  pin_top_level_index_and_filter: 1
  index_type: 0
  data_block_index_type: 0
  index_shortening: 1
  data_block_hash_table_util_ratio: 0.750000
  hash_index_allow_collision: 1
  checksum: 1
  no_block_cache: 0
  block_cache: 0x56269f5c7c60
  block_cache_name: LRUCache
  block_cache_options:
    capacity : 8388608
    num_shard_bits : 4
    strict_capacity_limit : 0
    memory_allocator : None
    high_pri_pool_ratio: 0.000
  block_cache_compressed: (nil)
  persistent_cache: (nil)
  block_size: 4096
  block_size_deviation: 10
  block_restart_interval: 16
  index_block_restart_interval: 1
  metadata_block_size: 4096
  partition_filters: 0
  use_delta_encoding: 1
  filter_policy: nullptr
  whole_key_filtering: 1
  verify_compression: 0
  read_amp_bytes_per_bit: 0
  format_version: 4
  enable_index_compression: 1
  block_align: 0
2022/01/24-15:42:16.366262 7fcf67a82cc0        Options.write_buffer_size: 268435456
2022/01/24-15:42:16.366263 7fcf67a82cc0  Options.max_write_buffer_number: 8
2022/01/24-15:42:16.366264 7fcf67a82cc0          Options.compression: NoCompression
2022/01/24-15:42:16.366265 7fcf67a82cc0                  Options.bottommost_compression: Disabled
2022/01/24-15:42:16.366266 7fcf67a82cc0       Options.prefix_extractor: nullptr
2022/01/24-15:42:16.366266 7fcf67a82cc0   Options.memtable_insert_with_hint_prefix_extractor: nullptr
2022/01/24-15:42:16.366267 7fcf67a82cc0             Options.num_levels: 7
2022/01/24-15:42:16.366268 7fcf67a82cc0        Options.min_write_buffer_number_to_merge: 1
2022/01/24-15:42:16.366269 7fcf67a82cc0     Options.max_write_buffer_number_to_maintain: 0
2022/01/24-15:42:16.366270 7fcf67a82cc0     Options.max_write_buffer_size_to_maintain: 0
2022/01/24-15:42:16.366271 7fcf67a82cc0            Options.bottommost_compression_opts.window_bits: -14
2022/01/24-15:42:16.366272 7fcf67a82cc0                  Options.bottommost_compression_opts.level: 32767
